1821119
1821120
1821123
1821124
1821126
1821127
1821135
1821139
1821141
1821144
1821148
1821154
1821156
1821158
1821160
1821162
1821164
1821166
1821168
1821170
1821172
1821174
1821176
1821178
1821180
1821182
1821184
1821185
1821186
1821187
1821188
1821329
1821330
1821331
1821332
1821333
1821334
1821335
1821336
1821337
1821338
1821339
1821340
1821341
1821342
1821343
1821344
1821345
1821346
1821347
1821348
1821349
1821350
1821351
1821352
1821353
1821354
1821355
1821356
1821357
1821358
1821359
1821360
1821361
1821362
1821363
1821364
1821365
1821366
1821367
1821368
1821369
1821370
1821371
1821372
1821373
1821374
1821375
1821376
1821377
1821378
1821379
1821380
1821381
1821382
1821383
1821384
1821385
1821386
1821387
1821388
